function [p_nom, p_up, p_low] = b2_pars

theta    = zeros(1, 116);

theta(1) = 8.800000e-002;
theta(2) = 1.440000e-001;
theta(3) = 1.750000e+000;
theta(4) = 8.800000e-002;
theta(5) = 6.000000e-001;
theta(6) = 3.500000e-002;
theta(7) = 5.300000e-003;
theta(8) = 6.730000e+000;
theta(9) = 1.350000e-001;
theta(10) = 1.000000e-001;
theta(11) = 4.420000e+000;
theta(12) = 1.190000e-001;
theta(13) = 3.200000e+000;
theta(14) = 1;
theta(15) = 1.440000e+001;
theta(16) = 2.460000e-002;
theta(17) = 6.430000e+000;
theta(18) = 1.000000e-002;
theta(19) = 6.300000e-001;
theta(20) = 6.830000e-001;
theta(21) = 2.520000e-001;
theta(22) = 1.090000e+000;
theta(23) = 1.040000e-005;
theta(24) = 1159;
theta(25) = 7.000000e-001;
theta(26) = 4.070000e+000;
theta(27) = 128;
theta(28) = 3.890000e+000;
theta(29) = 4.140000e+000;
theta(30) = 1.910000e+001;
theta(31) = 3.200000e+000;
theta(32) = 1.230000e-001;
theta(33) = 3.250000e-001;
theta(34) = 3.260000e+000;
theta(35) = 208;
theta(36) = 5.060000e-002;
theta(37) = 1.380000e-002;
theta(38) = 3.750000e+001;
theta(39) = 1.725000e-001;
theta(40) = 2.660000e-001;
theta(41) = 2.000000e-001;
theta(42) = 2.900000e+000;
theta(43) = 2.000000e-001;
theta(44) = 1.850000e-001;
theta(45) = 6.530000e-001;
theta(46) = 1.934400e+003;
theta(47) = 4.730000e-001;
theta(48) = 4.680000e-002;
theta(49) = 1.880000e-001;
theta(50) = 3.690000e-001;
theta(51) = 2.000000e-001;
theta(52) = 1.960000e-001;
theta(53) = 1.360000e-002;
theta(54) = 1.038000e+000;
theta(55) = 2.600000e-001;
theta(56) = 2.000000e-001;
theta(57) = 2.250000e+001;
theta(58) = 1.900000e-001;
theta(59) = 3.100000e-001;
theta(60) = 3.082300e+003;
theta(61) = 1.000000e-002;
theta(62) = 2.453000e+002;
theta(63) = 2.150000e+000;
theta(64) = 4;
theta(65) = 1.000000e-001;
theta(66) = 1.400000e+000;
theta(67) = 1;
theta(68) = 1;
theta(69) = 1;
theta(70) = 1.050000e+000;
theta(71) = 2.800000e+000;
theta(72) = 1.390000e+000;
theta(73) = 3.000000e-001;
theta(74) = 1.200000e+000;
theta(75) = 10;
theta(76) = 5629070;
theta(77) = 1000;
theta(78) = 2.600000e+000;
theta(79) = 2.200000e+000;
theta(80) = 1.200000e+000;
theta(81) = 3.680000e+000;
theta(82) = 4.210000e+000;
theta(83) = 1.110000e+001;
theta(84) = 4;
theta(85) = 3.660000e+000;
theta(86) = 1.741460e+001;
theta(87) = 1.079530e-001;
theta(88) = 3.304480e+002;
theta(89) = 7.525460e-003;
theta(90) = 1.162040e-002;
theta(91) = 1.380200e+000;
theta(92) = 9.215940e+002;
theta(93) = 2.262700e-003;
theta(94) = 4.371100e-004;
theta(95) = 6.059530e+000;
theta(96) = 1.070210e-001;
theta(97) = 1.840580e+003;
theta(98) = 1.623240e+001;
theta(99) = 6.509880e+002;
theta(100) = 3.021770e+003;
theta(101) = 8.904970e+001;
theta(102) = 8.398240e-001;
theta(103) = 6.113150e-002;
theta(104) = 7.829780e+003;
theta(105) = 4.838410e+000;
theta(106) = 1.290050e-002;
theta(107) = 6.739030e+000;
theta(108) = 2.571210e-002;
theta(109) = 1.953900e-002;
theta(110) = 7.361860e-002;
theta(111) = 1.087160e+001;
theta(112) = 6.867470e+001;
theta(113) = 9.473380e+000;
theta(114) = 8.655860e+001;
theta(115) = 1.037000e-003;
theta(116) = 2;

inputs.PEsol.global_theta_guess	= theta;
inputs.PEsol.global_theta_min	= theta/10;
inputs.PEsol.global_theta_max	= theta*10;

inputs.PEsol.global_theta_min(78)	= 1;
inputs.PEsol.global_theta_max(78)	= 12;
inputs.PEsol.global_theta_min(79)	= 1;
inputs.PEsol.global_theta_max(79)	= 12;
inputs.PEsol.global_theta_min(80)	= 1;
inputs.PEsol.global_theta_max(80)	= 12;
inputs.PEsol.global_theta_min(81)	= 1;
inputs.PEsol.global_theta_max(81)	= 12;
inputs.PEsol.global_theta_min(82)	= 1;
inputs.PEsol.global_theta_max(82)	= 12;
inputs.PEsol.global_theta_min(83)	= 1;
inputs.PEsol.global_theta_max(83)	= 12;
inputs.PEsol.global_theta_min(84)	= 1;
inputs.PEsol.global_theta_max(84)	= 12;
inputs.PEsol.global_theta_min(85)	= 1;
inputs.PEsol.global_theta_max(85)	= 12;

p_nom = theta;
p_up  = inputs.PEsol.global_theta_max;
p_low = inputs.PEsol.global_theta_min;
